eval_accuracy = 0.8612779901693064
eval_f1_Claim = 0.7186009538950715
eval_f1_MajorClaim = 0.12121212121212122
eval_f1_O = 0.9171270718232044
eval_f1_Premise = 0.8722689075630252
eval_f1_weighted = 0.8650208119020525
eval_loss = 0.5702484846115112
eval_precision_Claim = 0.6402266288951841
eval_precision_MajorClaim = 0.13333333333333333
eval_precision_O = 0.9662398137369034
eval_precision_Premise = 0.859271523178808
eval_precision_weighted = 0.8746748907818936
eval_recall_Claim = 0.8188405797101449
eval_recall_MajorClaim = 0.1111111111111111
eval_recall_O = 0.8727655099894848
eval_recall_Premise = 0.8856655290102389
eval_recall_weighted = 0.8612779901693064
eval_runtime = 5.7516
eval_samples_per_second = 318.344
eval_steps_per_second = 39.815
