epoch = 3.0
eval_accuracy = 0.8791246960750261
eval_f1_Attack = 0.0
eval_f1_Partial-Attack = 0.5274725274725275
eval_f1_Support = 0.6666666666666666
eval_f1_no_rel = 0.9290240811153359
eval_f1_weighted = 0.8753451616243275
eval_loss = 0.48857131600379944
eval_precision_Attack = 0.0
eval_precision_Partial-Attack = 0.6666666666666666
eval_precision_Support = 0.6829268292682927
eval_precision_no_rel = 0.919314381270903
eval_precision_weighted = 0.8727771232535686
eval_recall_Attack = 0.0
eval_recall_Partial-Attack = 0.43636363636363634
eval_recall_Support = 0.6511627906976745
eval_recall_no_rel = 0.9389410760034159
eval_recall_weighted = 0.8791246960750261
eval_runtime = 17.8068
eval_samples_per_second = 161.68
eval_steps_per_second = 20.217
