epoch = 3.0
eval_accuracy = 0.8763459534560611
eval_f1_Attack = 0.0
eval_f1_Partial-Attack = 0.3561643835616438
eval_f1_Support = 0.6484641638225256
eval_f1_no_rel = 0.927663122785074
eval_f1_weighted = 0.8679748607664427
eval_loss = 0.5078333020210266
eval_precision_Attack = 0.0
eval_precision_Partial-Attack = 0.7222222222222222
eval_precision_Support = 0.7019704433497537
eval_precision_no_rel = 0.9063136456211812
eval_precision_weighted = 0.8663913858879687
eval_recall_Attack = 0.0
eval_recall_Partial-Attack = 0.23636363636363636
eval_recall_Support = 0.6025369978858351
eval_recall_no_rel = 0.9500426985482494
eval_recall_weighted = 0.8763459534560611
eval_runtime = 16.2628
eval_samples_per_second = 177.03
eval_steps_per_second = 22.136
