epoch = 3.0
eval_accuracy = 0.8612779901693064
eval_f1_Claim = 0.7318611987381703
eval_f1_MajorClaim = 0.20689655172413793
eval_f1_O = 0.9106849315068493
eval_f1_Premise = 0.8705281090289608
eval_f1_weighted = 0.86395885884039
eval_loss = 0.6042191982269287
eval_precision_Claim = 0.6480446927374302
eval_precision_MajorClaim = 0.2727272727272727
eval_precision_O = 0.9508009153318078
eval_precision_Premise = 0.8690476190476191
eval_precision_weighted = 0.8723336981688015
eval_recall_Claim = 0.8405797101449275
eval_recall_MajorClaim = 0.16666666666666666
eval_recall_O = 0.8738170347003155
eval_recall_Premise = 0.8720136518771331
eval_recall_weighted = 0.8612779901693064
eval_runtime = 6.0484
eval_samples_per_second = 302.722
eval_steps_per_second = 37.861
