epoch = 3.0
eval_accuracy = 0.8134769017019798
eval_f1_Attack = 0.0
eval_f1_Partial-Attack = 0.0
eval_f1_Support = 0.0
eval_f1_no_rel = 0.8971461405860947
eval_f1_weighted = 0.7298076628178651
eval_loss = 0.5758492946624756
eval_precision_Attack = 0.0
eval_precision_Partial-Attack = 0.0
eval_precision_Support = 0.0
eval_precision_no_rel = 0.8134769017019798
eval_precision_weighted = 0.6617446696026527
eval_recall_Attack = 0.0
eval_recall_Partial-Attack = 0.0
eval_recall_Support = 0.0
eval_recall_no_rel = 1.0
eval_recall_weighted = 0.8134769017019798
eval_runtime = 17.6103
eval_samples_per_second = 163.484
eval_steps_per_second = 20.443
