epoch = 3.0
eval_accuracy = 0.8590933915892954
eval_f1_Claim = 0.7479131886477463
eval_f1_MajorClaim = 0.18604651162790697
eval_f1_O = 0.9129259058950784
eval_f1_Premise = 0.8556789069171649
eval_f1_weighted = 0.8625850645744175
eval_loss = 0.594022810459137
eval_precision_Claim = 0.6934984520123839
eval_precision_MajorClaim = 0.16
eval_precision_O = 0.9398663697104677
eval_precision_Premise = 0.8564102564102564
eval_precision_weighted = 0.8683533045365828
eval_recall_Claim = 0.8115942028985508
eval_recall_MajorClaim = 0.2222222222222222
eval_recall_O = 0.8874868559411146
eval_recall_Premise = 0.8549488054607508
eval_recall_weighted = 0.8590933915892954
eval_runtime = 5.5484
eval_samples_per_second = 330.003
eval_steps_per_second = 41.273
