epoch = 3.0
eval_accuracy = 0.8656471873293282
eval_f1_Claim = 0.7436332767402377
eval_f1_MajorClaim = 0.17391304347826086
eval_f1_O = 0.9100758396533044
eval_f1_Premise = 0.8704318936877077
eval_f1_weighted = 0.8650619510509031
eval_loss = 0.5661570429801941
eval_precision_Claim = 0.6996805111821086
eval_precision_MajorClaim = 0.4
eval_precision_O = 0.9385474860335196
eval_precision_Premise = 0.8478964401294499
eval_precision_weighted = 0.8682347319606756
eval_recall_Claim = 0.7934782608695652
eval_recall_MajorClaim = 0.1111111111111111
eval_recall_O = 0.8832807570977917
eval_recall_Premise = 0.89419795221843
eval_recall_weighted = 0.8656471873293282
eval_runtime = 6.2529
eval_samples_per_second = 292.826
eval_steps_per_second = 36.623
