epoch = 3.0
eval_accuracy = 0.8735672108370962
eval_f1_Attack = 0.2
eval_f1_Partial-Attack = 0.1935483870967742
eval_f1_Support = 0.6659597030752916
eval_f1_no_rel = 0.9266849778153391
eval_f1_weighted = 0.8675721844002987
eval_loss = 0.5253800749778748
eval_precision_Attack = 0.18181818181818182
eval_precision_Partial-Attack = 0.8571428571428571
eval_precision_Support = 0.6680851063829787
eval_precision_no_rel = 0.917189460476788
eval_precision_weighted = 0.8728173645484567
eval_recall_Attack = 0.2222222222222222
eval_recall_Partial-Attack = 0.10909090909090909
eval_recall_Support = 0.6638477801268499
eval_recall_no_rel = 0.9363791631084543
eval_recall_weighted = 0.8735672108370962
eval_runtime = 18.7523
eval_samples_per_second = 153.528
eval_steps_per_second = 19.198
