epoch = 3.0
eval_accuracy = 0.85199344620426
eval_f1_Claim = 0.7169179229480737
eval_f1_MajorClaim = 0.0
eval_f1_O = 0.9009513150531617
eval_f1_Premise = 0.8587301587301587
eval_f1_weighted = 0.8508410269607308
eval_loss = 0.5360578894615173
eval_precision_Claim = 0.6666666666666666
eval_precision_MajorClaim = 0.0
eval_precision_O = 0.9629186602870813
eval_precision_Premise = 0.8026706231454006
eval_precision_weighted = 0.8575099022917636
eval_recall_Claim = 0.7753623188405797
eval_recall_MajorClaim = 0.0
eval_recall_O = 0.8464773922187171
eval_recall_Premise = 0.9232081911262798
eval_recall_weighted = 0.85199344620426
eval_runtime = 5.7915
eval_samples_per_second = 316.151
eval_steps_per_second = 39.54
