epoch = 3.0
eval_accuracy = 0.8655316191799861
eval_f1_Attack = 0.0
eval_f1_Partial-Attack = 0.5354330708661418
eval_f1_Support = 0.6686686686686687
eval_f1_no_rel = 0.918848734040251
eval_f1_weighted = 0.8676235082563415
eval_loss = 0.5653122663497925
eval_precision_Attack = 0.0
eval_precision_Partial-Attack = 0.4594594594594595
eval_precision_Support = 0.6374045801526718
eval_precision_no_rel = 0.9311403508771929
eval_precision_weighted = 0.8710625741234812
eval_recall_Attack = 0.0
eval_recall_Partial-Attack = 0.6415094339622641
eval_recall_Support = 0.7031578947368421
eval_recall_no_rel = 0.906877402819308
eval_recall_weighted = 0.8655316191799861
eval_runtime = 18.2425
eval_samples_per_second = 157.763
eval_steps_per_second = 19.734
