epoch = 3.0
eval_accuracy = 0.8508196721311475
eval_f1_Claim = 0.6877470355731226
eval_f1_MajorClaim = 0.13114754098360656
eval_f1_O = 0.9121293800539083
eval_f1_Premise = 0.8610662358642972
eval_f1_weighted = 0.8511622155234015
eval_loss = 0.5627676248550415
eval_precision_Claim = 0.7767857142857143
eval_precision_MajorClaim = 0.10526315789473684
eval_precision_O = 0.9155844155844156
eval_precision_Premise = 0.827639751552795
eval_precision_weighted = 0.8554654248041538
eval_recall_Claim = 0.6170212765957447
eval_recall_MajorClaim = 0.17391304347826086
eval_recall_O = 0.9087003222341569
eval_recall_Premise = 0.8973063973063973
eval_recall_weighted = 0.8508196721311475
eval_runtime = 9.2933
eval_samples_per_second = 196.915
eval_steps_per_second = 24.641
