epoch = 3.0
eval_accuracy = 0.8601092896174863
eval_f1_Claim = 0.7384105960264901
eval_f1_MajorClaim = 0.11428571428571428
eval_f1_O = 0.9147883452446399
eval_f1_Premise = 0.8602329450915142
eval_f1_weighted = 0.8598397149263173
eval_loss = 0.6217465400695801
eval_precision_Claim = 0.6925465838509317
eval_precision_MajorClaim = 0.16666666666666666
eval_precision_O = 0.9369369369369369
eval_precision_Premise = 0.850328947368421
eval_precision_weighted = 0.8614836901663532
eval_recall_Claim = 0.7907801418439716
eval_recall_MajorClaim = 0.08695652173913043
eval_recall_O = 0.8936627282491945
eval_recall_Premise = 0.8703703703703703
eval_recall_weighted = 0.8601092896174863
eval_runtime = 7.4168
eval_samples_per_second = 246.737
eval_steps_per_second = 30.876
