epoch = 3.0
eval_accuracy = 0.8134120917303683
eval_f1_Attack = 0.0
eval_f1_Partial-Attack = 0.0
eval_f1_Support = 0.0
eval_f1_no_rel = 0.8971067254263269
eval_f1_weighted = 0.7297174580344097
eval_loss = 0.5605902075767517
eval_precision_Attack = 0.0
eval_precision_Partial-Attack = 0.0
eval_precision_Support = 0.0
eval_precision_no_rel = 0.8134120917303683
eval_precision_weighted = 0.6616392309731731
eval_recall_Attack = 0.0
eval_recall_Partial-Attack = 0.0
eval_recall_Support = 0.0
eval_recall_no_rel = 1.0
eval_recall_weighted = 0.8134120917303683
eval_runtime = 17.6185
eval_samples_per_second = 163.351
eval_steps_per_second = 20.433
