epoch = 3.0
eval_accuracy = 0.8573770491803279
eval_f1_Claim = 0.7276051188299817
eval_f1_MajorClaim = 0.17777777777777778
eval_f1_O = 0.9079089924160346
eval_f1_Premise = 0.8641571194762684
eval_f1_weighted = 0.8567465209328826
eval_loss = 0.6495769023895264
eval_precision_Claim = 0.7509433962264151
eval_precision_MajorClaim = 0.18181818181818182
eval_precision_O = 0.9158469945355191
eval_precision_Premise = 0.8407643312101911
eval_precision_weighted = 0.8568390276333819
eval_recall_Claim = 0.7056737588652482
eval_recall_MajorClaim = 0.17391304347826086
eval_recall_O = 0.9001074113856069
eval_recall_Premise = 0.8888888888888888
eval_recall_weighted = 0.8573770491803279
eval_runtime = 9.3247
eval_samples_per_second = 196.254
eval_steps_per_second = 24.559
