epoch = 3.0
eval_accuracy = 0.8569087930092846
eval_f1_Claim = 0.7353407290015848
eval_f1_MajorClaim = 0.11428571428571428
eval_f1_O = 0.9128996692392503
eval_f1_Premise = 0.8578680203045685
eval_f1_weighted = 0.860671452433962
eval_loss = 0.6331541538238525
eval_precision_Claim = 0.6535211267605634
eval_precision_MajorClaim = 0.11764705882352941
eval_precision_O = 0.9594438006952491
eval_precision_Premise = 0.8506711409395973
eval_precision_weighted = 0.8702423927343117
eval_recall_Claim = 0.8405797101449275
eval_recall_MajorClaim = 0.1111111111111111
eval_recall_O = 0.8706624605678234
eval_recall_Premise = 0.8651877133105802
eval_recall_weighted = 0.8569087930092846
eval_runtime = 5.6337
eval_samples_per_second = 325.007
eval_steps_per_second = 40.648
