epoch = 3.0
eval_accuracy = 0.8780826675929142
eval_f1_Attack = 0.23076923076923078
eval_f1_Partial-Attack = 0.28169014084507044
eval_f1_Support = 0.6581395348837209
eval_f1_no_rel = 0.9298062903561758
eval_f1_weighted = 0.870606534504191
eval_loss = 0.6316141486167908
eval_precision_Attack = 0.17647058823529413
eval_precision_Partial-Attack = 0.625
eval_precision_Support = 0.7312661498708011
eval_precision_no_rel = 0.9076860512403416
eval_precision_weighted = 0.8710152331322982
eval_recall_Attack = 0.3333333333333333
eval_recall_Partial-Attack = 0.18181818181818182
eval_recall_Support = 0.5983086680761099
eval_recall_no_rel = 0.9530315969257045
eval_recall_weighted = 0.8780826675929142
eval_runtime = 19.3296
eval_samples_per_second = 148.943
eval_steps_per_second = 18.624
