epoch = 3.0
eval_accuracy = 0.8672689367616401
eval_f1_Attack = 0.0
eval_f1_Partial-Attack = 0.52
eval_f1_Support = 0.6398258977149075
eval_f1_no_rel = 0.9204737732656514
eval_f1_weighted = 0.8639007660283082
eval_loss = 0.61937415599823
eval_precision_Attack = 0.0
eval_precision_Partial-Attack = 0.5531914893617021
eval_precision_Support = 0.6621621621621622
eval_precision_no_rel = 0.9116045245077503
eval_precision_weighted = 0.8609841444877835
eval_recall_Attack = 0.0
eval_recall_Partial-Attack = 0.49056603773584906
eval_recall_Support = 0.6189473684210526
eval_recall_no_rel = 0.9295173002990175
eval_recall_weighted = 0.8672689367616401
eval_runtime = 18.0584
eval_samples_per_second = 159.372
eval_steps_per_second = 19.935
