epoch = 3.0
eval_accuracy = 0.8790826963168867
eval_f1_Attack = 0.0
eval_f1_Partial-Attack = 0.5688073394495413
eval_f1_Support = 0.6717557251908397
eval_f1_no_rel = 0.9281931794111417
eval_f1_weighted = 0.8763485029388316
eval_loss = 0.4257705509662628
eval_precision_Attack = 0.0
eval_precision_Partial-Attack = 0.5535714285714286
eval_precision_Support = 0.6968325791855203
eval_precision_no_rel = 0.9205882352941176
eval_precision_weighted = 0.8740207851462602
eval_recall_Attack = 0.0
eval_recall_Partial-Attack = 0.5849056603773585
eval_recall_Support = 0.6484210526315789
eval_recall_no_rel = 0.9359248184536523
eval_recall_weighted = 0.8790826963168867
eval_runtime = 15.5509
eval_samples_per_second = 185.069
eval_steps_per_second = 23.15
