epoch = 3.0
eval_accuracy = 0.8595628415300547
eval_f1_Claim = 0.7533783783783784
eval_f1_MajorClaim = 0.09090909090909091
eval_f1_O = 0.9157392686804452
eval_f1_Premise = 0.851363236587511
eval_f1_weighted = 0.859457176758518
eval_loss = 0.6263285875320435
eval_precision_Claim = 0.7193548387096774
eval_precision_MajorClaim = 0.09523809523809523
eval_precision_O = 0.9037656903765691
eval_precision_Premise = 0.8913443830570903
eval_precision_weighted = 0.8611546240344823
eval_recall_Claim = 0.7907801418439716
eval_recall_MajorClaim = 0.08695652173913043
eval_recall_O = 0.9280343716433942
eval_recall_Premise = 0.8148148148148148
eval_recall_weighted = 0.8595628415300547
eval_runtime = 7.4593
eval_samples_per_second = 245.332
eval_steps_per_second = 30.7
