epoch = 3.0
eval_accuracy = 0.8568306010928962
eval_f1_Claim = 0.726643598615917
eval_f1_MajorClaim = 0.21621621621621623
eval_f1_O = 0.9070021881838074
eval_f1_Premise = 0.8627773212818406
eval_f1_weighted = 0.8561722589197812
eval_loss = 0.6071912050247192
eval_precision_Claim = 0.7094594594594594
eval_precision_MajorClaim = 0.2857142857142857
eval_precision_O = 0.9241917502787068
eval_precision_Premise = 0.8426966292134831
eval_precision_weighted = 0.8566247614214652
eval_recall_Claim = 0.7446808510638298
eval_recall_MajorClaim = 0.17391304347826086
eval_recall_O = 0.8904403866809882
eval_recall_Premise = 0.8838383838383839
eval_recall_weighted = 0.8568306010928962
eval_runtime = 9.3407
eval_samples_per_second = 195.917
eval_steps_per_second = 24.516
