epoch = 3.0
eval_accuracy = 0.8686587908269632
eval_f1_Attack = 0.0
eval_f1_Partial-Attack = 0.5376344086021505
eval_f1_Support = 0.6505771248688352
eval_f1_no_rel = 0.9210806211444373
eval_f1_weighted = 0.8664935691687764
eval_loss = 0.47160810232162476
eval_precision_Attack = 0.0
eval_precision_Partial-Attack = 0.625
eval_precision_Support = 0.6485355648535565
eval_precision_no_rel = 0.9173728813559322
eval_precision_weighted = 0.8647495860179557
eval_recall_Attack = 0.0
eval_recall_Partial-Attack = 0.4716981132075472
eval_recall_Support = 0.6526315789473685
eval_recall_no_rel = 0.9248184536522853
eval_recall_weighted = 0.8686587908269632
eval_runtime = 17.795
eval_samples_per_second = 161.73
eval_steps_per_second = 20.23
