epoch = 3.0
eval_accuracy = 0.8469945355191257
eval_f1_Claim = 0.7072758037225042
eval_f1_MajorClaim = 0.13559322033898305
eval_f1_O = 0.9110512129380054
eval_f1_Premise = 0.8519480519480519
eval_f1_weighted = 0.8507192583715675
eval_loss = 0.6858609914779663
eval_precision_Claim = 0.6763754045307443
eval_precision_MajorClaim = 0.1111111111111111
eval_precision_O = 0.9145021645021645
eval_precision_Premise = 0.8770053475935828
eval_precision_weighted = 0.8555388586094692
eval_recall_Claim = 0.7411347517730497
eval_recall_MajorClaim = 0.17391304347826086
eval_recall_O = 0.907626208378088
eval_recall_Premise = 0.8282828282828283
eval_recall_weighted = 0.8469945355191257
eval_runtime = 9.267
eval_samples_per_second = 197.475
eval_steps_per_second = 24.711
